[1] "2020-05-15 20:09:12 CEST"
[1] "-----------------------"
[1] "setup, n, R, seed, subsets, siglevel"
[1] "B / 3000 / 1000 / 1234 / 4 / 0.05"
[1] "--------------------------------------------"
[1] "--------------------------------------------"
Time difference of 43.76 mins
[1] "dgp"
[1] 0
         round Tmax0 Tmax1 Tmax2  cv0  cv1  cv2 reject0 reject1 reject2 dim0 dim1 dim2
result.1     1  1.97  1.97  1.97 2.75 2.73 2.73       0       0       0   17   16   16
result.2     2  1.42  1.42  1.42 2.84 2.81 2.75       0       0       0   22   20   17
result.3     3  2.43  1.48  1.48 2.84 2.77 2.73       0       0       0   22   18   16
result.4     4  1.76  1.76  1.76 2.77 2.73 2.71       0       0       0   18   16   15
result.5     5  1.41  1.41  1.41 2.81 2.73 2.71       0       0       0   20   16   15
result.6     6  1.60  1.60  1.60 2.73 2.71 2.71       0       0       0   16   15   15
[1] "summary(sim$Tmax0/1/2)"
       Min. 1st Qu. Median  Mean 3rd Qu.  Max.
[1,] 0.4017   1.378  1.674 1.711   2.012 3.547
[2,] 0.2868   1.339  1.618 1.662   1.977 3.547
[3,] 0.1106   1.291  1.601 1.636   1.965 3.547
[1] "summary(sim$cv0/1/2)"
      Min. 1st Qu. Median  Mean 3rd Qu.  Max.
[1,] 2.734   2.754  2.773 2.785   2.807 2.925
[2,] 2.609   2.734  2.754 2.752   2.773 2.902
[3,] 2.609   2.713  2.734 2.732   2.754 2.823
[1] "mean(sim$reject0/1/2)"
[1] 0.033 0.035 0.036
[1] ""
[1] "summary(sim$dim0/1/2)"
     Min. 1st Qu. Median  Mean 3rd Qu. Max.
[1,]   16      17     18 18.81      20   29
[2,]   11      16     17 17.01      18   27
[3,]   11      15     16 15.92      17   21
[1] "table(sim$dim0)"

 16  17  18  19  20  21  22  23  24  25  26  27  28  29 
169 173 176 162 111  74  55  30  29  10   3   3   2   3 
[1] "table(sim$dim1)"

 11  12  13  14  15  16  17  18  19  20  21  22  23  24  27 
  1   2  14  40 142 271 202 124  85  59  35  11   9   4   1 
[1] "table(sim$dim2)"

 11  12  13  14  15  16  17  18  19  20  21 
  1   3  20  72 251 395 161  68  25   3   1 
[1] "--------------------------------------"
Time difference of 45.18 mins
[1] "dgp"
[1] 1
         round Tmax0 Tmax1 Tmax2  cv0  cv1  cv2 reject0 reject1 reject2 dim0 dim1 dim2
result.1     1 0.581 0.581 0.581 2.75 2.69 2.69       0       0       0   17   14   14
result.2     2 1.206 1.206 1.206 2.77 2.64 2.64       0       0       0   18   12   12
result.3     3 1.004 0.425 0.425 2.75 2.64 2.64       0       0       0   17   12   12
result.4     4 1.760 1.760 1.760 2.81 2.71 2.69       0       0       0   20   15   14
result.5     5 0.579 0.579 0.579 2.79 2.67 2.64       0       0       0   19   13   12
result.6     6 0.639 0.639 0.639 2.73 2.67 2.67       0       0       0   16   13   13
[1] "summary(sim$Tmax0/1/2)"
         Min. 1st Qu. Median  Mean 3rd Qu. Max.
[1,] -0.08438  0.9685  1.223 1.220   1.553 3.12
[2,] -0.38899  0.8307  1.107 1.147   1.468 3.12
[3,] -0.38899  0.7991  1.045 1.121   1.449 3.12
[1] "summary(sim$cv0/1/2)"
      Min. 1st Qu. Median  Mean 3rd Qu.  Max.
[1,] 2.734   2.754  2.773 2.785   2.807 2.902
[2,] 2.498   2.638  2.665 2.673   2.713 2.838
[3,] 2.498   2.638  2.665 2.657   2.690 2.807
[1] "mean(sim$reject0/1/2)"
[1] 0.001 0.002 0.002
[1] ""
[1] "summary(sim$dim0/1/2)"
     Min. 1st Qu. Median  Mean 3rd Qu. Max.
[1,]   16      17     18 18.81      20   27
[2,]    8      12     13 13.52      15   22
[3,]    8      12     13 12.81      14   20
[1] "table(sim$dim0)"

 16  17  18  19  20  21  22  23  24  25  26  27 
176 188 150 142 121  89  52  44  14  11   8   5 
[1] "table(sim$dim1)"

  8   9  10  11  12  13  14  15  16  17  18  19  20  21  22 
  4  18  45 110 171 183 175 116  75  50  29  11   9   3   1 
[1] "table(sim$dim2)"

  8   9  10  11  12  13  14  15  16  17  18  20 
  6  22  62 135 213 234 158 100  49  14   6   1 
[1] "--------------------------------------"
Time difference of 45.91 mins
[1] "dgp"
[1] 2
         round Tmax0 Tmax1 Tmax2  cv0  cv1  cv2 reject0 reject1 reject2 dim0 dim1 dim2
result.1     1  4.81  4.81  4.81 2.85 2.75 2.73       1       1       1   23   17   16
result.2     2  3.12  3.12  3.12 2.89 2.79 2.73       1       1       1   26   19   16
result.3     3  2.33  2.33  2.33 2.87 2.73 2.73       0       0       0   24   16   16
result.4     4  4.52  4.52  4.52 2.92 2.81 2.77       1       1       1   29   20   18
result.5     5  3.73  3.73  3.73 2.90 2.79 2.75       1       1       1   27   19   17
result.6     6  1.51  1.51  1.51 2.85 2.77 2.73       0       0       0   23   18   16
[1] "summary(sim$Tmax0/1/2)"
       Min. 1st Qu. Median  Mean 3rd Qu.  Max.
[1,] 0.9058   2.492  3.121 3.137   3.797 6.098
[2,] 0.9058   2.491  3.121 3.135   3.797 6.098
[3,] 0.9058   2.490  3.121 3.133   3.797 6.098
[1] "summary(sim$cv0/1/2)"
      Min. 1st Qu. Median  Mean 3rd Qu.  Max.
[1,] 2.734   2.823  2.852 2.858   2.878 2.991
[2,] 2.609   2.713  2.754 2.749   2.773 2.914
[3,] 2.576   2.713  2.734 2.728   2.754 2.865
[1] "mean(sim$reject0/1/2)"
[1] 0.605 0.651 0.658
[1] ""
[1] "summary(sim$dim0/1/2)"
     Min. 1st Qu. Median  Mean 3rd Qu. Max.
[1,]   16      21     23 23.63      25   36
[2,]   11      15     17 16.91      18   28
[3,]   10      15     16 15.85      17   24
[1] "table(sim$dim0)"

 16  17  18  19  20  21  22  23  24  25  26  27  28  29  30  31  32  33  35  36 
  1   7  19  37  80 109 132 121 142 111  80  57  40  23  15   9   9   5   2   1 
[1] "table(sim$dim1)"

 11  12  13  14  15  16  17  18  19  20  21  22  23  24  25  26  28 
  5  19  40  92 133 168 177 132  98  62  35  12   9  10   3   4   1 
[1] "table(sim$dim2)"

 10  11  12  13  14  15  16  17  18  19  20  21  22  23  24 
  2  11  24  66 140 197 210 158 110  45  18  11   6   1   1 
[1] "--------------------------------------"
Time difference of 46.14 mins
[1] "dgp"
[1] 3
         round Tmax0 Tmax1 Tmax2  cv0  cv1  cv2 reject0 reject1 reject2 dim0 dim1 dim2
result.1     1  2.10  2.10  2.10 2.84 2.71 2.67       0       0       0   22   15   13
result.2     2  2.84  2.84  2.84 2.85 2.73 2.71       0       1       1   23   16   15
result.3     3  2.77  2.77  2.77 2.87 2.73 2.69       0       1       1   24   16   14
result.4     4  3.98  3.98  3.98 2.96 2.85 2.77       1       1       1   32   23   18
result.5     5  3.93  3.93  3.93 2.88 2.75 2.69       1       1       1   25   17   14
result.6     6  2.12  2.12  2.12 2.82 2.73 2.73       0       0       0   21   16   16
[1] "summary(sim$Tmax0/1/2)"
       Min. 1st Qu. Median  Mean 3rd Qu.  Max.
[1,] 0.5667   2.773  3.422 3.429   4.113 6.487
[2,] 0.5667   2.754  3.422 3.425   4.113 6.487
[3,] 0.5667   2.748  3.419 3.421   4.113 6.487
[1] "summary(sim$cv0/1/2)"
      Min. 1st Qu. Median  Mean 3rd Qu.  Max.
[1,] 2.734   2.838  2.865 2.865   2.891 2.974
[2,] 2.576   2.690  2.734 2.734   2.773 2.878
[3,] 2.539   2.638  2.690 2.680   2.713 2.823
[1] "mean(sim$reject0/1/2)"
[1] 0.712 0.757 0.767
[1] ""
[1] "summary(sim$dim0/1/2)"
     Min. 1st Qu. Median  Mean 3rd Qu. Max.
[1,]   16      22     24 24.20      26   34
[2,]   10      14     16 16.23      18   25
[3,]    9      12     14 13.73      15   21
[1] "table(sim$dim0)"

 16  18  19  20  21  22  23  24  25  26  27  28  29  30  31  32  33  34 
  1  16  21  64  98 117 137 128 108  95  58  60  34  24  20   7   9   3 
[1] "table(sim$dim1)"

 10  11  12  13  14  15  16  17  18  19  20  21  22  23  24  25 
  4  18  46  75 116 140 180 142  96  70  49  28  16  14   5   1 
[1] "table(sim$dim2)"

  9  10  11  12  13  14  15  16  17  18  19  20  21 
  6  29  86 150 202 214 129 100  50  22   8   1   3 
[1] "--------------------------------------"
Time difference of 45.95 mins
[1] "dgp"
[1] 4
         round Tmax0 Tmax1 Tmax2  cv0  cv1  cv2 reject0 reject1 reject2 dim0 dim1 dim2
result.1     1  3.83  3.83  3.83 2.79 2.61 2.61       1       1       1   19   11   11
result.2     2  4.69  4.69  4.69 2.81 2.64 2.58       1       1       1   20   12   10
result.3     3  4.11  4.11  4.11 2.87 2.67 2.64       1       1       1   24   13   12
result.4     4  3.57  3.57  3.57 2.84 2.69 2.64       1       1       1   22   14   12
result.5     5  4.04  4.04  4.04 2.82 2.64 2.61       1       1       1   21   12   11
result.6     6  4.48  4.48  4.48 2.84 2.69 2.61       1       1       1   22   14   11
[1] "summary(sim$Tmax0/1/2)"
      Min. 1st Qu. Median  Mean 3rd Qu.  Max.
[1,] 2.112   3.638  4.173 4.216   4.699 7.227
[2,] 2.112   3.638  4.173 4.216   4.699 7.227
[3,] 1.376   3.607  4.161 4.185   4.690 7.227
[1] "summary(sim$cv0/1/2)"
      Min. 1st Qu. Median  Mean 3rd Qu.  Max.
[1,] 2.734   2.790  2.807 2.814   2.838 2.955
[2,] 2.498   2.576  2.638 2.636   2.690 2.838
[3,] 2.498   2.576  2.609 2.606   2.638 2.773
[1] "mean(sim$reject0/1/2)"
[1] 0.976 0.985 0.972
[1] ""
[1] "summary(sim$dim0/1/2)"
     Min. 1st Qu. Median  Mean 3rd Qu. Max.
[1,]   16      19     20 20.63      22   32
[2,]    8      10     12 12.18      14   22
[3,]    8      10     11 11.06      12   18
[1] "table(sim$dim0)"

 16  17  18  19  20  21  22  23  24  25  26  27  28  29  30  31  32 
 40  78 115 158 156 116 100  75  62  41  30  14   6   2   2   3   2 
[1] "table(sim$dim1)"

  8   9  10  11  12  13  14  15  16  17  18  19  20  21  22 
 36  75 140 168 189 130 112  64  35  25  11   9   3   1   2 
[1] "table(sim$dim2)"

  8   9  10  11  12  13  14  15  16  17  18 
 50 136 220 230 180  94  54  21   5   8   2 
[1] "--------------------------------------"
Time difference of 46.26 mins
[1] "dgp"
[1] 5
         round Tmax0 Tmax1 Tmax2  cv0  cv1  cv2 reject0 reject1 reject2 dim0 dim1 dim2
result.1     1  4.27  4.27  4.27 2.84 2.71 2.69       1       1       1   22   15   14
result.2     2  3.27  3.27  3.27 2.87 2.77 2.75       1       1       1   24   18   17
result.3     3  2.98  2.98  2.98 2.87 2.73 2.73       1       1       1   24   16   16
result.4     4  2.34  2.34  2.34 2.91 2.82 2.77       0       0       0   28   21   18
result.5     5  3.24  3.24  3.24 2.91 2.79 2.75       1       1       1   28   19   17
result.6     6  2.65  2.65  2.65 2.94 2.81 2.73       0       0       0   30   20   16
[1] "summary(sim$Tmax0/1/2)"
      Min. 1st Qu. Median  Mean 3rd Qu.  Max.
[1,] 1.019   2.692  3.118 3.183   3.628 5.386
[2,] 1.019   2.692  3.118 3.182   3.628 5.386
[3,] 0.953   2.655  3.096 3.144   3.604 5.386
[1] "summary(sim$cv0/1/2)"
      Min. 1st Qu. Median  Mean 3rd Qu.  Max.
[1,] 2.754   2.865  2.891 2.891   2.914 3.000
[2,] 2.576   2.713  2.754 2.755   2.790 2.902
[3,] 2.576   2.690  2.713 2.717   2.734 2.823
[1] "mean(sim$reject0/1/2)"
[1] 0.643 0.716 0.716
[1] ""
[1] "summary(sim$dim0/1/2)"
     Min. 1st Qu. Median  Mean 3rd Qu. Max.
[1,]   17      24     26 26.22      28   37
[2,]   10      15     17 17.24      19   27
[3,]   10      14     15 15.30      16   21
[1] "table(sim$dim0)"

 17  19  20  21  22  23  24  25  26  27  28  29  30  31  32  33  34  35  36  37 
  1   6  11  30  69  87 104 129 139 103  94  72  50  45  27  16   7   6   2   2 
[1] "table(sim$dim1)"

 10  11  12  13  14  15  16  17  18  19  20  21  22  23  24  25  27 
  1   5  19  33  79 122 161 143 135 123  71  44  32  14  10   7   1 
[1] "table(sim$dim2)"

 10  11  12  13  14  15  16  17  18  19  20  21 
  4  10  32 103 176 233 196 144  63  27  10   2 
[1] "--------------------------------------"
