[1] "2020-05-15 11:49:31 CEST"
[1] "-----------------------"
[1] "setup, n, R, seed, subsets, siglevel"
[1] "A / 3000 / 1000 / 1234 / 4 / 0.05"
[1] "--------------------------------------------"
[1] "--------------------------------------------"
Time difference of 43.5651 mins
[1] "dgp"
[1] 0
         round Tmax0 Tmax1 Tmax2  cv0  cv1  cv2 reject0 reject1 reject2 dim0 dim1 dim2
result.1     1 1.197 1.165 1.165 2.82 2.73 2.69       0       0       0   21   16   14
result.2     2 1.848 1.848 1.848 2.73 2.73 2.73       0       0       0   16   16   16
result.3     3 1.139 1.139 1.139 2.77 2.75 2.73       0       0       0   18   17   16
result.4     4 0.798 0.798 0.798 2.75 2.71 2.71       0       0       0   17   15   15
result.5     5 1.686 1.686 1.686 2.82 2.79 2.73       0       0       0   21   19   16
result.6     6 1.905 1.905 1.905 2.81 2.79 2.75       0       0       0   20   19   17
[1] "summary(sim$Tmax0/1/2)"
       Min. 1st Qu. Median  Mean 3rd Qu.  Max.
[1,] 0.3932   1.396  1.740 1.772   2.072 4.535
[2,] 0.0643   1.351  1.694 1.717   2.024 4.535
[3,] 0.0643   1.327  1.665 1.690   2.011 4.535
[1] "summary(sim$cv0/1/2)"
      Min. 1st Qu. Median  Mean 3rd Qu.  Max.
[1,] 2.734   2.754  2.790 2.787   2.807 2.945
[2,] 2.609   2.734  2.754 2.756   2.773 2.878
[3,] 2.609   2.713  2.734 2.733   2.754 2.823
[1] "mean(sim$reject0/1/2)"
[1] 0.040 0.036 0.036
[1] ""
[1] "summary(sim$dim0/1/2)"
     Min. 1st Qu. Median  Mean 3rd Qu. Max.
[1,]   16      17     19 18.94      20   31
[2,]   11      16     17 17.23      18   25
[3,]   11      15     16 15.99      17   21
[1] "table(sim$dim0)"

 16  17  18  19  20  21  22  23  24  25  26  27  28  31 
161 180 150 154 113  87  70  36  24  13   5   3   3   1 
[1] "table(sim$dim1)"

 11  12  13  14  15  16  17  18  19  20  21  22  23  24  25 
  1   1   8  50 120 237 191 155 101  64  38  11  14   7   2 
[1] "table(sim$dim2)"

 11  12  13  14  15  16  17  18  19  20  21 
  1   3  19  84 195 414 175  78  26   4   1 
[1] "--------------------------------------"
Time difference of 44.22 mins
[1] "dgp"
[1] 1
         round   Tmax0   Tmax1   Tmax2  cv0  cv1  cv2 reject0 reject1 reject2 dim0 dim1 dim2
result.1     1 0.32860 0.19911 0.19911 2.82 2.67 2.64       0       0       0   21   13   12
result.2     2 1.49981 1.49981 1.49981 2.75 2.61 2.61       0       0       0   17   11   11
result.3     3 0.00137 0.00137 0.00137 2.75 2.61 2.61       0       0       0   17   11   11
result.4     4 0.07293 0.07293 0.07293 2.77 2.71 2.71       0       0       0   18   15   15
result.5     5 1.68616 1.68616 1.68616 2.87 2.75 2.71       0       0       0   24   17   15
result.6     6 1.38009 1.38009 1.38009 2.79 2.69 2.67       0       0       0   19   14   13
[1] "summary(sim$Tmax0/1/2)"
        Min. 1st Qu. Median  Mean 3rd Qu.  Max.
[1,] -0.4116  0.9032  1.129 1.210   1.500 3.915
[2,] -0.4444  0.7744  1.028 1.106   1.443 3.915
[3,] -0.4444  0.6788  1.015 1.052   1.424 3.915
[1] "summary(sim$cv0/1/2)"
      Min. 1st Qu. Median  Mean 3rd Qu.  Max.
[1,] 2.734   2.754  2.790 2.791   2.823 2.955
[2,] 2.394   2.609  2.665 2.662   2.713 2.838
[3,] 2.394   2.609  2.638 2.641   2.690 2.773
[1] "mean(sim$reject0/1/2)"
[1] 0.012 0.007 0.009
[1] ""
[1] "summary(sim$dim0/1/2)"
     Min. 1st Qu. Median  Mean 3rd Qu. Max.
[1,]   16      17     19 19.21      21   32
[2,]    6      11     13 13.15      15   22
[3,]    6      11     12 12.28      14   18
[1] "table(sim$dim0)"

 16  17  18  19  20  21  22  23  24  25  26  27  28  30  32 
139 159 163 149 106 100  71  48  24  22  13   2   2   1   1 
[1] "table(sim$dim1)"

  6   7   8   9  10  11  12  13  14  15  16  17  18  19  20  22 
  2   1  13  39  84 123 177 156 128  95  70  58  35   9   6   4 
[1] "table(sim$dim2)"

  6   7   8   9  10  11  12  13  14  15  16  17  18 
  2   2  19  54 117 159 219 158 119  93  35  20   3 
[1] "--------------------------------------"
Time difference of 46.25 mins
[1] "dgp"
[1] 2
         round Tmax0 Tmax1 Tmax2  cv0  cv1  cv2 reject0 reject1 reject2 dim0 dim1 dim2
result.1     1  3.05  3.05  3.05 2.88 2.73 2.69       1       1       1   25   16   14
result.2     2  3.40  3.40  3.40 2.89 2.75 2.73       1       1       1   26   17   16
result.3     3  2.47  2.47  2.47 2.85 2.71 2.69       0       0       0   23   15   14
result.4     4  1.39  1.39  1.39 2.79 2.71 2.71       0       0       0   19   15   15
result.5     5  4.02  4.02  4.02 2.95 2.85 2.82       1       1       1   31   23   21
result.6     6  3.14  3.14  3.14 2.92 2.77 2.73       1       1       1   29   18   16
[1] "summary(sim$Tmax0/1/2)"
       Min. 1st Qu. Median  Mean 3rd Qu.  Max.
[1,] 0.4967   2.717  3.364 3.326   3.965 6.447
[2,] 0.4967   2.709  3.356 3.321   3.965 6.447
[3,] 0.4967   2.709  3.356 3.320   3.965 6.447
[1] "summary(sim$cv0/1/2)"
      Min. 1st Qu. Median  Mean 3rd Qu.  Max.
[1,] 2.754   2.838  2.878 2.873   2.902 3.008
[2,] 2.576   2.713  2.734 2.740   2.773 2.925
[3,] 2.539   2.690  2.713 2.719   2.754 2.852
[1] "mean(sim$reject0/1/2)"
[1] 0.703 0.744 0.749
[1] ""
[1] "summary(sim$dim0/1/2)"
     Min. 1st Qu. Median  Mean 3rd Qu. Max.
[1,]   17      22     25 24.83      27   38
[2,]   10      15     16 16.52      18   29
[3,]    9      14     15 15.45      17   23
[1] "table(sim$dim0)"

 17  18  19  20  21  22  23  24  25  26  27  28  29  30  31  32  33  34  35  36  37  38 
  2   4  22  43  86  95 109 132 112 130  76  57  50  25  23  13   8   6   3   2   1   1 
[1] "table(sim$dim1)"

 10  11  12  13  14  15  16  17  18  19  20  21  22  23  24  25  27  29 
  7  12  37  70 110 128 165 143 122  68  57  31  23  17   4   4   1   1 
[1] "table(sim$dim2)"

  9  10  11  12  13  14  15  16  17  18  19  20  21  22  23 
  1   9  23  59 101 153 182 169 122  82  54  28  12   4   1 
[1] "--------------------------------------"
Time difference of 46.85 mins
[1] "dgp"
[1] 3
         round Tmax0 Tmax1 Tmax2  cv0  cv1  cv2 reject0 reject1 reject2 dim0 dim1 dim2
result.1     1  2.40  2.40  2.40 2.89 2.77 2.73       0       0       0   26   18   16
result.2     2  1.28  1.28  1.28 2.84 2.71 2.71       0       0       0   22   15   15
result.3     3  2.45  2.45  2.45 2.88 2.69 2.67       0       0       0   25   14   13
result.4     4  4.14  4.14  4.14 2.87 2.73 2.69       1       1       1   24   16   14
result.5     5  3.17  3.17  3.17 2.94 2.82 2.77       1       1       1   30   21   18
result.6     6  2.60  2.60  2.60 2.81 2.71 2.69       0       0       0   20   15   14
[1] "summary(sim$Tmax0/1/2)"
       Min. 1st Qu. Median  Mean 3rd Qu.  Max.
[1,] 0.6995   2.626  3.468 3.414   4.165 7.192
[2,] 0.5006   2.626  3.468 3.413   4.165 7.192
[3,] 0.5006   2.626  3.468 3.412   4.165 7.192
[1] "summary(sim$cv0/1/2)"
      Min. 1st Qu. Median  Mean 3rd Qu.  Max.
[1,] 2.754   2.838  2.865 2.871   2.902 3.000
[2,] 2.539   2.690  2.734 2.728   2.773 2.878
[3,] 2.539   2.638  2.690 2.678   2.713 2.823
[1] "mean(sim$reject0/1/2)"
[1] 0.697 0.735 0.743
[1] ""
[1] "summary(sim$dim0/1/2)"
     Min. 1st Qu. Median  Mean 3rd Qu. Max.
[1,]   17      22     24 24.66      27   37
[2,]    9      14     16 15.95      18   25
[3,]    9      12     14 13.66      15   21
[1] "table(sim$dim0)"

 17  18  19  20  21  22  23  24  25  26  27  28  29  30  31  32  33  34  35  36  37 
  1  12  20  45  90 109 109 126 124  98  85  61  41  26  21  16   6   5   2   2   1 
[1] "table(sim$dim1)"

  9  10  11  12  13  14  15  16  17  18  19  20  21  22  23  24  25 
  1  13  21  54 102 106 165 148 128  96  60  42  33  17   6   6   2 
[1] "table(sim$dim2)"

  9  10  11  12  13  14  15  16  17  18  19  20  21 
  8  43  95 142 195 203 138  87  55  20   9   4   1 
[1] "--------------------------------------"
Time difference of 46.78 mins
[1] "dgp"
[1] 4
         round Tmax0 Tmax1 Tmax2  cv0  cv1  cv2 reject0 reject1 reject2 dim0 dim1 dim2
result.1     1  3.40  3.40  3.40 2.79 2.67 2.64       1       1       1   19   13   12
result.2     2  2.58  2.58  2.58 2.82 2.67 2.61       0       0       0   21   13   11
result.3     3  3.12  3.12  3.12 2.77 2.58 2.50       1       1       1   18   10    8
result.4     4  3.50  3.50  3.50 2.77 2.58 2.54       1       1       1   18   10    9
result.5     5  3.52  3.52  3.52 2.81 2.64 2.64       1       1       1   20   12   12
result.6     6  2.85  2.85  2.85 2.77 2.54 2.50       1       1       1   18    9    8
[1] "summary(sim$Tmax0/1/2)"
      Min. 1st Qu. Median  Mean 3rd Qu.  Max.
[1,] 1.773   3.074  3.564 3.613   4.070 6.304
[2,] 1.773   3.072  3.562 3.609   4.069 6.304
[3,] 1.773   3.008  3.528 3.572   4.058 6.304
[1] "summary(sim$cv0/1/2)"
      Min. 1st Qu. Median  Mean 3rd Qu.  Max.
[1,] 2.734   2.773  2.807 2.810   2.838 2.955
[2,] 2.450   2.576  2.638 2.625   2.665 2.807
[3,] 2.450   2.539  2.576 2.590   2.638 2.754
[1] "mean(sim$reject0/1/2)"
[1] 0.863 0.917 0.907
[1] ""
[1] "summary(sim$dim0/1/2)"
     Min. 1st Qu. Median  Mean 3rd Qu. Max.
[1,]   16      18     20 20.38      22   32
[2,]    7      10     12 11.80      13   20
[3,]    7       9     10 10.57      12   17
[1] "table(sim$dim0)"

 16  17  18  19  20  21  22  23  24  25  26  27  28  30  32 
 39 113 137 140 126 129 104  73  49  43  19  19   7   1   1 
[1] "table(sim$dim1)"

  7   8   9  10  11  12  13  14  15  16  17  18  19  20 
  2  46 124 158 163 152 131  98  58  25  24  12   5   2 
[1] "table(sim$dim2)"

  7   8   9  10  11  12  13  14  15  16  17 
  2  95 196 228 200 146  84  34   9   4   2 
[1] "--------------------------------------"
Time difference of 47.13 mins
[1] "dgp"
[1] 5
         round Tmax0 Tmax1 Tmax2  cv0  cv1  cv2 reject0 reject1 reject2 dim0 dim1 dim2
result.1     1  3.02  3.02  3.02 2.98 2.88 2.81       1       1       1   35   25   20
result.2     2  2.89  2.89  2.89 2.94 2.79 2.73       0       1       1   30   19   16
result.3     3  2.52  2.52  2.52 2.94 2.79 2.73       0       0       0   30   19   16
result.4     4  2.73  2.73  2.73 2.89 2.71 2.67       0       1       1   26   15   13
result.5     5  2.96  2.96  2.96 2.96 2.82 2.77       0       1       1   33   21   18
result.6     6  1.83  1.83  1.83 2.89 2.79 2.73       0       0       0   26   19   16
[1] "summary(sim$Tmax0/1/2)"
       Min. 1st Qu. Median  Mean 3rd Qu.  Max.
[1,] 0.9745   2.505  2.925 2.938   3.392 5.149
[2,] 0.9745   2.501  2.922 2.933   3.386 5.149
[3,] 0.8760   2.402  2.876 2.869   3.344 5.149
[1] "summary(sim$cv0/1/2)"
      Min. 1st Qu. Median  Mean 3rd Qu.  Max.
[1,] 2.773   2.878  2.902 2.902   2.925 3.023
[2,] 2.609   2.713  2.754 2.756   2.790 2.914
[3,] 2.576   2.690  2.713 2.716   2.754 2.865
[1] "mean(sim$reject0/1/2)"
[1] 0.513 0.609 0.593
[1] ""
[1] "summary(sim$dim0/1/2)"
     Min. 1st Qu. Median  Mean 3rd Qu. Max.
[1,]   18      25     27 27.17      29   40
[2,]   11      15     17 17.37      19   28
[3,]   10      14     15 15.27      17   24
[1] "table(sim$dim0)"

 18  19  20  21  22  23  24  25  26  27  28  29  30  31  32  33  34  35  36  37  38  39  40 
  1   1  10  22  33  68  76 122 118 129  94  79  92  49  41  19  18  12  11   2   1   1   1 
[1] "table(sim$dim1)"

 11  12  13  14  15  16  17  18  19  20  21  22  23  24  25  26  27  28 
  6  23  43  84 126 137 131 113 110  87  54  39  22  11   7   3   3   1 
[1] "table(sim$dim2)"

 10  11  12  13  14  15  16  17  18  19  20  21  22  24 
  2  16  64 106 173 195 184 134  63  46  13   2   1   1 
[1] "--------------------------------------"
